   -4537       662      4372          0.052   -0.934    1.168       phi =    3.21
   -4517       640      4320          0.056   -0.938    1.161       phi =    3.39
   -4565       702      4300          0.048   -0.927    1.158       phi =    2.96
   -4522       672      4372          0.055   -0.932    1.168       phi =    3.36
   -4517       712      4402          0.056   -0.925    1.172       phi =    3.44
   -4527       707      4335          0.054   -0.926    1.163       phi =    3.33
   -4430       575      4382          0.070   -0.950    1.169       phi =    4.18
   -4370       450      4340          0.079   -0.973    1.163       phi =    4.64
   -4287       292      4372          0.092   -1.002    1.168       phi =    5.26
   -3842       172      4492          0.164   -1.024    1.184       phi =    9.07
   -3772       112      4595          0.175   -1.035    1.197       phi =    9.57
   -3392       282      4682          0.236   -1.004    1.209       phi =   13.19
   -3197       367      4755          0.267   -0.989    1.218       phi =   15.09
   -3457       205      4590          0.225   -1.018    1.196       phi =   12.46
   -3447        10      4542          0.227   -1.054    1.190       phi =   12.13
   -2930      -450      4435          0.309   -1.139    1.176       phi =   15.19
   -2745      -487      4407          0.339   -1.146    1.172       phi =   16.48
   -2257      -465      4475          0.417   -1.141    1.181       phi =   20.06
   -1762      -367      4470          0.496   -1.123    1.181       phi =   23.82
   -1317       -90      4565          0.567   -1.073    1.193       phi =   27.87
    -997        25      4595          0.618   -1.051    1.197       phi =   30.46
    -807       230      4610          0.649   -1.014    1.199       phi =   32.62
    -530       430      4647          0.693   -0.977    1.204       phi =   35.35
    -210       970      4657          0.744   -0.878    1.205       phi =   40.30
      10      1320      4637          0.779   -0.813    1.203       phi =   43.78
     117      1867      4637          0.797   -0.713    1.203       phi =   48.18
     352      1950      4542          0.834   -0.697    1.190       phi =   50.10
     982      2367      4082          0.935   -0.621    1.129       phi =   56.41
     380      2752      4387          0.839   -0.550    1.170       phi =   56.74
     -70      2972      4565          0.767   -0.510    1.193       phi =   56.39
    -210      3760      4305          0.744   -0.365    1.159       phi =   63.90
    -825      4247      4185          0.646   -0.275    1.143       phi =   66.93
   -1432      4417      4135          0.549   -0.244    1.136       phi =   66.05
   -1682      4520      4112          0.509   -0.225    1.133       phi =   66.16
   -1270      4792      3902          0.575   -0.175    1.106       phi =   73.08
   -1465      4497      4097          0.544   -0.229    1.131       phi =   67.15
   -2035      4385      4155          0.452   -0.250    1.139       phi =   61.11
   -3152      4370      4052          0.274   -0.252    1.126       phi =   47.33
   -4185      3932      4000          0.109   -0.333    1.119       phi =   18.08
   -4607      3595      4035          0.041   -0.395    1.123       phi =    5.96
   -4690      2972      4190          0.028   -0.510    1.144       phi =    3.14
   -4745      2622      4275          0.019   -0.574    1.155       phi =    1.91
   -4620      2465      4330          0.039   -0.603    1.162       phi =    3.71
   -4962      2655      4202         -0.016   -0.568    1.145       phi =  178.44
   -4750      2635      4315          0.018   -0.571    1.160       phi =    1.84
   -4922      2022      4305         -0.009   -0.684    1.159       phi =  179.24
   -5212      1315      4202         -0.055   -0.814    1.145       phi =  176.11
   -5227       970      4112         -0.058   -0.878    1.133       phi =  176.23
   -4810       492      4227          0.009   -0.966    1.149       phi =    0.52
   -4055       195      4475          0.130   -1.020    1.181       phi =    7.23
   -3185       -65      4610          0.269   -1.068    1.199       phi =   14.11
   -2865       -75      4697          0.320   -1.070    1.211       phi =   16.64
   -4195       372      4420          0.107   -0.988    1.174       phi =    6.18
