    2637      5947     -2902          0.793    0.038   -0.446       phi =   92.71
    2822      5252     -4185          0.819   -0.090   -0.591       phi =   83.71
    2942      4185     -4837          0.836   -0.286   -0.665       phi =   71.08
    3127      1117     -3270          0.861   -0.851   -0.488       phi =   45.35
    2930       200       775          0.834   -1.019   -0.031       phi =   39.29
    2447       265      2100          0.767   -1.007    0.119       phi =   37.29
    2165       565      2737          0.728   -0.952    0.191       phi =   37.40
    1905      1020      3435          0.692   -0.868    0.269       phi =   38.55
    1585      2232      3812          0.648   -0.646    0.312       phi =   45.09
    1932      4657      2592          0.696   -0.200    0.174       phi =   73.99
     937      6780      1060          0.558    0.191    0.001       phi =  108.86
     -15      8105     -1877          0.426    0.434   -0.331       phi =  135.53
   -1215      8105     -5185          0.260    0.434   -0.704       phi =  149.08
   -2290      7437     -6940          0.111    0.311   -0.903       phi =  160.32
   -3685      6137     -8037         -0.082    0.072   -1.027       phi =   48.42
   -4522      4160     -8580         -0.198   -0.291   -1.088       phi =  145.84
   -4077       400     -7545         -0.136   -0.982   -0.971       phi =  172.13
   -4657     -1492     -5137         -0.216   -1.330   -0.699       phi =  170.77
   -5325     -2167     -3087         -0.309   -1.454   -0.467       phi =  168.02
   -5977     -2207      -755         -0.399   -1.462   -0.204       phi =  164.74
   -6372     -1720       510         -0.454   -1.372   -0.061       phi =  161.71
   -6247        45      3227         -0.436   -1.048    0.246       phi =  157.40
   -6182      3830      3145         -0.427   -0.352    0.237       phi =  129.46
   -5900      5535      2125         -0.388   -0.038    0.121       phi =   95.63
   -5472      7297      -175         -0.329    0.286   -0.138       phi =   49.02
   -5435      7677     -1540         -0.324    0.356   -0.293       phi =   42.32
   -6477      7180     -2850         -0.468    0.264   -0.441       phi =   60.56
   -7080      6547     -1867         -0.552    0.148   -0.330       phi =   75.00
   -6162      6850      -465         -0.425    0.204   -0.171       phi =   64.38
   -5390      7822     -2912         -0.318    0.382   -0.448       phi =   39.72
   -3670      8362     -3187         -0.080    0.482   -0.479       phi =    9.38
   -2627      8547     -2317          0.065    0.516   -0.380       phi =  172.84
    2235      6590     -1040          0.738    0.156   -0.236       phi =  101.92
    3712      2515      -155          0.942   -0.594   -0.136       phi =   57.79
    2405      -662       210          0.761   -1.178   -0.095       phi =   32.88
    -222     -2305      1195          0.398   -1.480    0.016       phi =   15.04
   -2295     -2480      2022          0.111   -1.512    0.110       phi =    4.18
   -7205      -205      1612         -0.569   -1.094    0.063       phi =  152.52
   -5102      3122      4140         -0.278   -0.482    0.349       phi =  150.04
   -1975      7662       722          0.155    0.353   -0.037       phi =  156.29
    -687      7622       465          0.333    0.345   -0.066       phi =  136.03
    1590      5742      1847          0.648   -0.000    0.090       phi =   89.98
    3225      3517      1112          0.875   -0.409    0.007       phi =   64.92
    3822      3210      -847          0.957   -0.466   -0.214       phi =   64.06
    3755      2182     -1785          0.948   -0.655   -0.320       phi =   55.37
    3527      2140     -3042          0.917   -0.662   -0.462       phi =   54.14
    1405      3902     -6835          0.623   -0.339   -0.891       phi =   61.48
     405      3090     -7700          0.484   -0.488   -0.988       phi =   44.80
   -2397      2720     -8555          0.097   -0.556   -1.085       phi =    9.85
   -7480      4622     -5935         -0.607   -0.206   -0.789       phi =  108.76
   -8197      3615       180         -0.706   -0.391   -0.098       phi =  118.99
   -6112      3770      3270         -0.418   -0.363    0.251       phi =  130.98
   -2182      1432      5227          0.126   -0.793    0.472       phi =    9.05
     890      1170      4170          0.552   -0.841    0.352       phi =   33.26
    3415      1117      -282          0.901   -0.851   -0.150       phi =   46.65
    3387      1755     -3042          0.897   -0.733   -0.462       phi =   50.74
    2957      2957     -4687          0.838   -0.512   -0.648       phi =   58.55
    3592      4015     -2027          0.926   -0.318   -0.348       phi =   71.05
    3407      4195        15          0.900   -0.285   -0.117       phi =   72.45
    2155      5417      1485          0.727   -0.060    0.049       phi =   85.28
    2207      5265      1680          0.734   -0.088    0.071       phi =   83.17
    1665      3502      3477          0.659   -0.412    0.274       phi =   57.98
    2155      1792      3212          0.727   -0.726    0.244       phi =   45.00
    2692       327      1325          0.801   -0.996    0.031       phi =   38.81
    2452      -302       717          0.768   -1.112   -0.038       phi =   34.63
    2117      -922     -1245          0.721   -1.226   -0.259       phi =   30.48
    2697       517     -3317          0.802   -0.961   -0.493       phi =   39.84
    2322      2125     -5557          0.750   -0.665   -0.746       phi =   48.42
     570      3862     -7592          0.507   -0.346   -0.976       phi =   55.71
   -2090      4170     -8617          0.139   -0.289   -1.092       phi =   25.68
   -4565      3950     -8425         -0.203   -0.330   -1.070       phi =  148.32
   -6955      4297     -6852         -0.534   -0.266   -0.893       phi =  116.46
   -7610      6065     -2897         -0.625    0.059   -0.446       phi =   84.59
   -7025      5757       485         -0.544    0.003   -0.064       phi =   89.73
   -6335      6030      1027         -0.448    0.053   -0.003       phi =   83.29
   -5315      6285      1945         -0.307    0.100    0.101       phi =   72.03
   -3300      5480      3802         -0.028   -0.048    0.311       phi =  149.60
     167      4287      4275          0.452   -0.268    0.364       phi =   59.33
    2470      3507      2737          0.770   -0.411    0.191       phi =   61.91
    3670      3025      -295          0.936   -0.500   -0.152       phi =   61.91
    2665      1940     -4527          0.797   -0.699   -0.630       phi =   48.74
     607     -1797        97          0.512   -1.386   -0.108       phi =   20.28
   -1715      1335      4590          0.191   -0.811    0.400       phi =   13.26
   -1720      6887      1045          0.190    0.210   -0.001       phi =  137.87
   -4510      7802     -3062         -0.196    0.379   -0.465       phi =   27.35
   -7355      6007     -2292         -0.590    0.049   -0.378       phi =   85.29
   -8457      4580     -1707         -0.742   -0.214   -0.311       phi =  106.07
   -8582      4992     -1940         -0.759   -0.138   -0.338       phi =  100.31
   -8452      5547     -2622         -0.742   -0.036   -0.415       phi =   92.78
   -8132      5715     -4552         -0.697   -0.005   -0.633       phi =   90.42
   -6622      2335     -7710         -0.488   -0.627   -0.990       phi =  142.08
   -4842     -1277     -5577         -0.242   -1.291   -0.749       phi =  169.40
   -2350     -2820     -2215          0.103   -1.575   -0.369       phi =    3.74
     845     -2007      -417          0.545   -1.425   -0.166       phi =   20.94
    2322      -722      -827          0.750   -1.189   -0.212       phi =   32.24
    2725        20     -2312          0.806   -1.052   -0.380       phi =   37.43
    2725      -162     -1457          0.806   -1.086   -0.283       phi =   36.57
     215      -820      3382          0.458   -1.207    0.263       phi =   20.78
       0      -435      3932          0.428   -1.136    0.326       phi =   20.66
    -910     -1730      3027          0.302   -1.374    0.223       phi =   12.41
   -1460     -2167     -3902          0.226   -1.454   -0.559       phi =    8.84
    -155      1940     -7612          0.407   -0.699   -0.979       phi =   30.19
   -2150      7287     -6752          0.131    0.284   -0.881       phi =  155.27
   -2790      8187      -852          0.042    0.449   -0.215       phi =  174.64
   -3740      7282      1117         -0.089    0.283    0.008       phi =   17.50
   -5135      4237      3600         -0.282   -0.277    0.288       phi =  134.44
   -6247      1687      3507         -0.436   -0.746    0.278       phi =  149.68
   -7187       722      2275         -0.566   -0.923    0.138       phi =  148.48
   -7992       507       645         -0.678   -0.963   -0.046       phi =  144.86
   -7530       872      1955         -0.614   -0.896    0.102       phi =  145.58
   -6877       872      2787         -0.523   -0.896    0.196       phi =  149.70
   -8300       122     -1582         -0.720   -1.034   -0.297       phi =  145.12
   -8470       230     -2007         -0.744   -1.014   -0.345       phi =  143.73
   -8327       255      -662         -0.724   -1.009   -0.193       phi =  144.34
   -8127      1042       992         -0.697   -0.864   -0.007       phi =  141.14
   -8680      4020     -2070         -0.773   -0.317   -0.352       phi =  112.29
   -8230      2310      1132         -0.711   -0.631    0.009       phi =  131.61
   -7660      -240       905         -0.632   -1.100   -0.016       phi =  150.13
   -8230       805     -3975         -0.711   -0.908   -0.568       phi =  141.95
   -8687      3435     -3865         -0.774   -0.424   -0.555       phi =  118.74
   -8567      3945     -3232         -0.757   -0.331   -0.484       phi =  113.58
   -8587      4127     -2965         -0.760   -0.297   -0.454       phi =  111.35
   -8545      4242     -2182         -0.754   -0.276   -0.365       phi =  110.10
   -8577      4170     -2297         -0.759   -0.289   -0.378       phi =  110.87
   -8360      4692     -1530         -0.729   -0.193   -0.291       phi =  104.85
   -8555      4210      -920         -0.756   -0.282   -0.223       phi =  110.46
   -8522      3985      -785         -0.751   -0.323   -0.207       phi =  113.28
   -6797      6085     -5650         -0.512    0.063   -0.757       phi =   83.00
    -900      7492     -6070          0.304    0.322   -0.804       phi =  136.63
    1465      6790     -4715          0.631    0.193   -0.651       phi =  106.96
    1900      6872     -3022          0.691    0.208   -0.460       phi =  106.71
    2555      6210     -1775          0.782    0.086   -0.319       phi =   96.27
    1302      7277     -1385          0.609    0.282   -0.275       phi =  114.87
      -5      7595      -122          0.428    0.341   -0.132       phi =  128.53
     785      5197      2960          0.537   -0.100    0.216       phi =   79.41
    1052      1890      4092          0.574   -0.708    0.344       phi =   39.01
    1140      -215      3177          0.586   -1.096    0.240       phi =   28.15
    2432      -590      -257          0.765   -1.164   -0.148       phi =   33.30
    1947     -1135      -412          0.698   -1.265   -0.165       phi =   28.89
    1145     -1662     -1630          0.587   -1.362   -0.303       phi =   23.31
    -247     -1000     -5175          0.394   -1.240   -0.703       phi =   17.63
   -2280      1590     -8145          0.113   -0.764   -1.039       phi =    8.40
   -1910      5062     -8410          0.164   -0.125   -1.069       phi =   52.64
    -802      6840     -6935          0.317    0.202   -0.902       phi =  122.44
    -515      7822     -5082          0.357    0.382   -0.693       phi =  136.95
    -482      8100     -4015          0.362    0.433   -0.572       phi =  140.16
    1612      6605       227          0.652    0.158   -0.093       phi =  103.67
    2837      4180      1365          0.821   -0.287    0.036       phi =   70.71
    2767      1222      1915          0.811   -0.831    0.098       phi =   44.30
    1475      -580      2370          0.633   -1.163    0.149       phi =   28.55
     -80      5700      3010          0.417   -0.008    0.221       phi =   88.91
   -2605      8242     -1090          0.068    0.460   -0.242       phi =  171.61
   -3912      8295     -3560         -0.113    0.469   -0.521       phi =   13.54
   -3735      7657     -6172         -0.089    0.352   -0.816       phi =   14.12
   -2642      1350     -8155          0.063   -0.808   -1.040       phi =    4.43
   -1882     -1792     -4802          0.168   -1.385   -0.661       phi =    6.90
   -1085     -2767     -1157          0.278   -1.565   -0.249       phi =   10.08
      -5     -1292      3087          0.428   -1.294    0.230       phi =   18.29
   -1205      5742      3270          0.262   -0.000    0.251       phi =   89.96
   -3350      8387     -3305         -0.035    0.486   -0.492       phi =    4.15
   -5032      6132     -7447         -0.268    0.072   -0.960       phi =   75.06
   -2790       985     -7932          0.042   -0.875   -1.015       phi =    2.76
   -1197     -2002     -4145          0.263   -1.424   -0.587       phi =   10.45
   -1460     -2840      -350          0.226   -1.578   -0.158       phi =    8.15
    1052     -1257      2152          0.574   -1.287    0.124       phi =   24.03
    2877      2202      2032          0.827   -0.651    0.111       phi =   51.77
    2740      4715      1002          0.808   -0.189   -0.005       phi =   76.83
    2295      6475     -2592          0.746    0.135   -0.411       phi =  100.23
    1165      6025     -6152          0.590    0.052   -0.814       phi =   95.03
     325      6020     -6882          0.473    0.051   -0.896       phi =   96.14
    1020      3322     -7162          0.570   -0.445   -0.928       phi =   51.99
    1762       297     -4702          0.672   -1.001   -0.650       phi =   33.87
    2432         0     -3177          0.765   -1.056   -0.478       phi =   35.92
    2957       440     -2457          0.838   -0.975   -0.396       phi =   40.66
    3522      1570     -1722          0.916   -0.767   -0.313       phi =   50.04
    3652      2197     -1835          0.934   -0.652   -0.326       phi =   55.08
    3685      2922     -1770          0.938   -0.519   -0.319       phi =   61.07
    3670      3667     -2115          0.936   -0.382   -0.358       phi =   67.82
    3202      4590     -3405          0.872   -0.212   -0.503       phi =   76.33
    2485      3275     -5587          0.772   -0.454   -0.750       phi =   59.56
    2767      4612     -4642          0.811   -0.208   -0.643       phi =   75.62
    3235      5022     -2105          0.876   -0.133   -0.356       phi =   81.40
    3615      2690      -765          0.929   -0.561   -0.205       phi =   58.85
    3382      1205     -1427          0.897   -0.834   -0.280       phi =   47.05
    3452      1905       382          0.906   -0.706   -0.075       phi =   52.09
    3375      3127       827          0.896   -0.481   -0.025       phi =   61.76
    2952      3137      1655          0.837   -0.479    0.068       phi =   60.21
    2877      1780      1892          0.827   -0.729    0.095       phi =   48.60
    2647      1510      2157          0.795   -0.778    0.125       phi =   45.60
    3500      1515      -812          0.913   -0.777   -0.210       phi =   49.58
    3620      2320     -1262          0.929   -0.629   -0.261       phi =   55.89
    3597      2090     -1340          0.926   -0.672   -0.270       phi =   54.05
    3072       815     -2457          0.854   -0.906   -0.396       phi =   43.29
    3197      1972     -3430          0.871   -0.693   -0.506       phi =   51.47
    2062      1315     -5392          0.714   -0.814   -0.728       phi =   41.24
    1530      1252     -5915          0.640   -0.826   -0.787       phi =   37.78
    1242      2300     -6780          0.600   -0.633   -0.885       phi =   43.48
    1020      5910     -6400          0.570    0.031   -0.842       phi =   93.09
     287      7600     -4485          0.468    0.341   -0.625       phi =  126.11
   -1302      8290     -3197          0.248    0.468   -0.480       phi =  152.08
    -102      7590      -532          0.414    0.340   -0.179       phi =  129.35
     867      6737       522          0.548    0.183   -0.060       phi =  108.43
    1257      6682       102          0.602    0.173   -0.107       phi =  105.99
     667      4325      3462          0.521   -0.261    0.272       phi =   63.40
    1140       692      3652          0.586   -0.929    0.294       phi =   32.25
    1215      -352      2932          0.597   -1.121    0.213       phi =   28.02
     900     -1477      1805          0.553   -1.328    0.085       phi =   22.61
    -255       492     -6795          0.393   -0.966   -0.886       phi =   22.15
    -602      5700     -7642          0.345   -0.008   -0.982       phi =   88.69
   -1025      7895     -5170          0.287    0.396   -0.703       phi =  144.10
    -877      8212     -2327          0.307    0.454   -0.381       phi =  145.94
    3197      3425      -150          0.871   -0.426   -0.136       phi =   63.92
    2117       -55      -330          0.721   -1.066   -0.156       phi =   34.08
    1117       960      2800          0.583   -0.879    0.198       phi =   33.54
   -3532      4575      4067         -0.060   -0.215    0.341       phi =  164.28
   -5347      7807      -205         -0.312    0.380   -0.142       phi =   39.39
   -3180      3672     -9837         -0.012   -0.381   -1.230       phi =  178.24
   -3002      2352     -9667          0.013   -0.624   -1.211       phi =    1.18
   -5417     -2255     -3212         -0.321   -1.471   -0.481       phi =  167.68
   -3712      3470      5345         -0.085   -0.418    0.485       phi =  168.46
   -2275      4602      5195          0.114   -0.210    0.468       phi =   28.41
   -2062      4497      5340          0.143   -0.229    0.485       phi =   31.96
   -2025      4502      5315          0.148   -0.228    0.482       phi =   32.98
   -2090      4442      5305          0.139   -0.239    0.481       phi =   30.17
   -2062      4520      5300          0.143   -0.225    0.480       phi =   32.45
   -2040      4520      5335          0.146   -0.225    0.484       phi =   32.99
   -2012      4535      5340          0.150   -0.222    0.485       phi =   34.01
