   -8610       650     -1702         -0.599   -0.936    0.368       phi =  147.41
   -8587       542     -1655         -0.595   -0.956    0.374       phi =  148.11
   -8555       532     -1685         -0.590   -0.958    0.370       phi =  148.38
   -8530       352     -2022         -0.586   -0.991    0.325       phi =  149.42
   -8550       465     -1022         -0.589   -0.970    0.457       phi =  148.74
   -8082      1277      1365         -0.514   -0.821    0.772       phi =  147.94
   -5867      2300      3962         -0.160   -0.633    1.114       phi =  165.80
   -3067      3162      5040          0.287   -0.475    1.256       phi =   31.20
    -687      4540      4310          0.668   -0.221    1.160       phi =   71.68
     942      4802      3455          0.928   -0.173    1.047       phi =   79.44
    1867      5007      2390          1.076   -0.135    0.907       phi =   82.83
    2415      4307      2317          1.164   -0.264    0.897       phi =   77.22
    2975      2655      2057          1.253   -0.568    0.863       phi =   65.63
    3322      1072       595          1.309   -0.859    0.670       phi =   56.73
    2897       -30      -495          1.241   -1.062    0.527       phi =   49.46
    2067     -1015      -667          1.108   -1.243    0.504       phi =   41.73
     595     -1145     -4315          0.873   -1.267    0.023       phi =   34.57
   -1447       677     -7592          0.546   -0.932   -0.408       phi =   30.39
   -1502      3230     -8590          0.538   -0.462   -0.540       phi =   49.32
   -1367      5845     -8115          0.559    0.019   -0.477       phi =   91.92
    -575      6882     -6945          0.686    0.209   -0.323       phi =  106.98
     205      2432     -7737          0.811   -0.609   -0.427       phi =   53.09
     140     -1267     -4652          0.800   -1.289   -0.021       phi =   31.83
    -155     -2557      -460          0.753   -1.526    0.531       phi =   26.26
     502     -2080      1007          0.858   -1.438    0.724       phi =   30.81
     830       307      3975          0.911   -1.000    1.115       phi =   42.33
    -537      5725      3317          0.692   -0.003    1.029       phi =   89.73
   -3040      7975      -102          0.292    0.410    0.578       phi =  144.59
   -4055      8042      -877          0.130    0.423    0.476       phi =  162.97
   -4240      7785      -287          0.100    0.375    0.554       phi =  165.10
   -4027      7980      -732          0.134    0.411    0.495       phi =  161.96
   -4945      7935     -1915         -0.013    0.403    0.339       phi =    1.81
   -5467      7697     -2410         -0.096    0.359    0.274       phi =   14.99
   -4847      8042     -3140          0.003    0.423    0.178       phi =  179.62
   -4337      7980     -4615          0.084    0.411   -0.016       phi =  168.41
   -4240      6702     -7177          0.100    0.176   -0.354       phi =  150.46
   -3262      4945     -8540          0.256   -0.147   -0.533       phi =   60.21
   -2220      3610     -8720          0.423   -0.392   -0.557       phi =   47.15
   -1877       502     -7637          0.478   -0.964   -0.414       phi =   26.36
   -5277     -1237     -5402         -0.066   -1.283   -0.120       phi =  177.07
   -8920      2650     -1557         -0.648   -0.569    0.387       phi =  131.26
   -6785      6497      -727         -0.307    0.139    0.496       phi =   65.69
   -2360      7225      1395          0.401    0.273    0.776       phi =  124.23
     817      6595      1312          0.908    0.157    0.765       phi =   99.78
   -1892      8432     -2752          0.475    0.494    0.229       phi =  136.13
   -3207      7492     -6327          0.265    0.322   -0.242       phi =  140.51
   -1390      7247     -6442          0.556    0.277   -0.257       phi =  116.46
     520       585     -6675          0.861   -0.948   -0.288       phi =   42.23
   -4602     -2607     -2882          0.042   -1.535    0.212       phi =    1.56
   -6075     -1715     -3135         -0.193   -1.371    0.179       phi =  171.98
   -2790       -10     -7245          0.332   -1.058   -0.363       phi =   17.41
   -8790      3542     -2510         -0.628   -0.405    0.261       phi =  122.82
   -5380      4595      3372         -0.082   -0.211    1.036       phi =  158.70
   -3127      3945      4527          0.278   -0.331    1.188       phi =   40.04
   -2392      2792      4915          0.395   -0.543    1.239       phi =   36.08
   -3730       682      4522          0.181   -0.931    1.187       phi =   11.03
   -6905      1025      2442         -0.326   -0.868    0.913       phi =  159.40
   -8420       927      -817         -0.568   -0.886    0.484       phi =  147.31
   -8267       460     -2815         -0.544   -0.971    0.221       phi =  150.76
   -8620       755     -1335         -0.600   -0.917    0.416       phi =  146.80
   -7317      3770      2152         -0.392   -0.363    0.875       phi =  132.78
   -3930      5335      3647          0.149   -0.075    1.072       phi =   63.35
   -1812      5377      3830          0.488   -0.067    1.096       phi =   82.15
    -530      5177      3740          0.693   -0.104    1.084       phi =   81.46
   -2040      6260      2882          0.452    0.095    0.971       phi =  101.89
   -4310      6752      1360          0.089    0.186    0.771       phi =  154.44
   -6325      6332      -300         -0.233    0.108    0.552       phi =   65.11
   -8030      4565     -1640         -0.506   -0.217    0.376       phi =  113.17
   -8175      4000     -3575         -0.529   -0.320    0.121       phi =  121.20
   -7040      5797     -3502         -0.348    0.010    0.130       phi =   88.36
   -5157      7252      -827         -0.047    0.277    0.483       phi =    9.55
   -4527      7915     -1147          0.054    0.399    0.441       phi =  172.30
   -3475      7330      1122          0.222    0.292    0.740       phi =  142.71
   -2170      6507      2660          0.431    0.140    0.942       phi =  108.06
     487      4052      3922          0.856   -0.311    1.108       phi =   70.03
    2257      1545      2747          1.139   -0.772    0.954       phi =   55.86
    2817       650      1035          1.228   -0.936    0.728       phi =   52.67
    2410      -362       345          1.163   -1.123    0.637       phi =   46.01
    2942       317      -630          1.248   -0.998    0.509       phi =   51.36
    3257      3275       630          1.299   -0.454    0.675       phi =   70.74
    3170      2325      1122          1.285   -0.628    0.740       phi =   63.93
    3317      1770       485          1.308   -0.731    0.656       phi =   60.82
    3490      2032       -60          1.336   -0.682    0.584       phi =   62.94
    3045      2140      1355          1.265   -0.662    0.770       phi =   62.35
    3142      2115      1132          1.280   -0.667    0.741       phi =   62.47
    3485      1857     -1785          1.335   -0.715    0.357       phi =   61.84
    3202      1242     -1970          1.290   -0.828    0.332       phi =   57.31
    1670      -975     -2105          1.045   -1.235    0.314       phi =   40.22
     542     -1477     -3087          0.864   -1.328    0.185       phi =   33.07
    -602     -1335     -4652          0.682   -1.301   -0.021       phi =   27.64
    -520      -265     -6090          0.695   -1.105   -0.211       phi =   32.16
   -1172      2762     -8172          0.590   -0.548   -0.485       phi =   47.13
    -482      1580     -7447          0.701   -0.765   -0.389       phi =   42.47
    1052     -1150     -3110          0.946   -1.267    0.182       phi =   36.73
    2562       650      1432          1.187   -0.936    0.780       phi =   51.74
    3300      3692      -170          1.305   -0.377    0.569       phi =   73.89
    2980       482       200          1.254   -0.967    0.618       phi =   52.36
    1470        -5      2985          1.013   -1.057    0.985       phi =   43.78
     910       990      3937          0.923   -0.874    1.110       phi =   46.57
    3002      3580      1442          1.258   -0.398    0.782       phi =   72.45
    3447      4180      -770          1.329   -0.287    0.490       phi =   77.80
    3077      3547     -4387          1.270   -0.404    0.014       phi =   72.36
    1785       -20     -4295          1.063   -1.060    0.026       phi =   45.09
    2280      -372     -2690          1.142   -1.124    0.237       phi =   45.45
    2230      -507     -2270          1.134   -1.149    0.293       phi =   44.62
    1850     -1042       185          1.074   -1.248    0.616       phi =   40.71
     715      -275      3472          0.892   -1.107    1.049       phi =   38.87
   -4222       552      4425          0.103   -0.954    1.175       phi =    6.14
   -7367       677      1302         -0.400   -0.932    0.763       phi =  156.76
   -6477      1087      2655         -0.258   -0.856    0.942       phi =  163.25
    3192      2177       915          1.288   -0.656    0.712       phi =   63.02
   -5402       687     -6447         -0.086   -0.930   -0.258       phi =  174.73
   -6275      2630      -465         -0.225   -0.572    0.530       phi =  158.51
   -6340      4122     -1712         -0.236   -0.298    0.366       phi =  141.65
    -910      2397     -7975          0.632   -0.615   -0.459       phi =   45.78
    2490      1005      1785          1.176   -0.871    0.827       phi =   53.46
    2942      2865     -4517          1.248   -0.529   -0.003       phi =   67.02
   -7237      2552     -4185         -0.379   -0.587    0.040       phi =  147.13
   -6107     -1082     -1535         -0.199   -1.255    0.390       phi =  171.01
    1545       -97     -4150          1.025   -1.074    0.045       phi =   43.66
     965      1385     -6472          0.932   -0.801   -0.261       phi =   49.31
   -7340      1915     -4367         -0.396   -0.704    0.016       phi =  150.66
   -1702      1102     -7357          0.506   -0.853   -0.377       phi =   30.65
    3522      2612     -1432          1.341   -0.576    0.403       phi =   66.76
     862     -1320     -2865          0.916   -1.299    0.214       phi =   35.18
   -6765      1437     -4787         -0.304   -0.792   -0.039       phi =  159.01
   -1970      1505     -7550          0.463   -0.779   -0.403       phi =   30.71
    3022      1997     -3662          1.261   -0.689    0.109       phi =   61.35
    1470      5710     -5387          1.013   -0.006   -0.118       phi =   89.66
   -3027      5037     -8197          0.294   -0.130   -0.488       phi =   66.16
    3582      3002     -1307          1.351   -0.504    0.420       phi =   69.53
   -1177      6765     -5625          0.590    0.188   -0.149       phi =  107.68
     155      2942     -7270          0.803   -0.515   -0.366       phi =   57.31
   -2995     -2547      -470          0.299   -1.524    0.530       phi =   11.09
   -1127      2155     -7955          0.598   -0.660   -0.456       phi =   42.17
    3577      2562      -475          1.350   -0.585    0.529       phi =   66.57
     705      7277     -3685          0.891    0.282    0.106       phi =  107.58
   -5102      2187     -6955         -0.038   -0.654   -0.324       phi =  176.69
    1057      -862     -3535          0.947   -1.214    0.126       phi =   37.94
   -4875     -1935     -3305         -0.002   -1.412    0.156       phi =  179.94
     552      1222     -6722          0.866   -0.831   -0.294       phi =   46.17
    2952      1700      1530          1.250   -0.743    0.793       phi =   59.25
    2605      5622     -2147          1.194   -0.022    0.309       phi =   88.93
    2660      3785     -4547          1.203   -0.360   -0.007       phi =   73.34
    3277      1087     -1205          1.302   -0.856    0.433       phi =   56.67
     732     -1165      2172          0.895   -1.270    0.878       phi =   35.16
   -2827     -2470      -237          0.326   -1.510    0.561       phi =   12.17
     732      3747     -6385          0.895   -0.367   -0.249       phi =   67.70
    1007      6532     -1065          0.939    0.145    0.451       phi =   98.78
    2215      3945      1717          1.132   -0.331    0.818       phi =   73.72
    2322      1607      2245          1.149   -0.761    0.887       phi =   56.50
     200      1417      3875          0.810   -0.795    1.102       phi =   45.51
    1297      4652      2482          0.985   -0.201    0.919       phi =   78.49
    3310      4097      -667          1.307   -0.303    0.504       phi =   76.96
    2437      1760     -4822          1.167   -0.732   -0.043       phi =   57.90
   -2300     -2542     -1162          0.410   -1.523    0.439       phi =   15.06
   -3512     -2120      -132          0.216   -1.446    0.574       phi =    8.50
    -585     -2047       987          0.684   -1.432    0.722       phi =   25.53
     182     -1575     -3110          0.807   -1.346    0.182       phi =   30.95
    1670      1515     -5760          1.045   -0.777   -0.167       phi =   53.35
    3620      3342     -2400          1.357   -0.441    0.276       phi =   71.97
    1932      3327      2665          1.087   -0.444    0.943       phi =   67.76
   -2137      6702       867          0.436    0.176    0.706       phi =  112.01
    -825      7462     -4870          0.646    0.316   -0.050       phi =  116.08
    2040      1112     -4605          1.104   -0.852   -0.015       phi =   52.35
     372     -2007      -532          0.837   -1.425    0.522       phi =   30.43
    1877      -542      1562          1.078   -1.156    0.798       phi =   43.00
    -617      2397      4775          0.679   -0.615    1.221       phi =   47.83
   -4110      5645      2152          0.121   -0.018    0.875       phi =   81.51
   -1492      6517      1252          0.539    0.142    0.757       phi =  104.78
    1915      3650      2612          1.084   -0.385    0.936       phi =   70.45
    2257      2782     -5267          1.139   -0.544   -0.102       phi =   64.44
   -4115     -1082     -4412          0.120   -1.255    0.011       phi =    5.45
    -200     -1852     -2452          0.746   -1.397    0.269       phi =   28.10
     492     -1965      -817          0.857   -1.417    0.484       phi =   31.14
    3212      1432     -2872          1.291   -0.793    0.213       phi =   58.46
    1002      3132      3822          0.938   -0.480    1.095       phi =   62.89
   -3250      4380      4125          0.258   -0.251    1.135       phi =   45.85
   -1075      5422      2617          0.606   -0.059    0.937       phi =   84.44
    2935      4042     -3927          1.247   -0.313    0.074       phi =   75.92
    1172     -1530      -805          0.965   -1.337    0.486       phi =   35.82
     367     -2052      -360          0.837   -1.433    0.544       phi =   30.26
    3592      3040      -470          1.352   -0.497    0.530       phi =   69.82
    3197      4802      -862          1.289   -0.173    0.478       phi =   82.35
    2780       395       672          1.222   -0.983    0.680       phi =   51.18
   -2535     -1955      2275          0.373   -1.415    0.891       phi =   14.74
   -2877     -2285     -1210          0.318   -1.476    0.432       phi =   12.15
    1232      1695     -5935          0.975   -0.744   -0.190       phi =   52.63
    2665      4997       562          1.204   -0.137    0.666       phi =   83.50
     552      2922      3975          0.866   -0.519    1.115       phi =   59.08
   -1085      2315      4150          0.604   -0.630    1.138       phi =   43.79
    2605      5422     -3115          1.194   -0.059    0.181       phi =   87.17
   -2892     -1180     -4967          0.315   -1.273   -0.063       phi =   13.91
   -3860     -2052     -1852          0.161   -1.433    0.348       phi =    6.39
    -427     -2007      1127          0.710   -1.425    0.740       phi =   26.47
    3050       912     -2297          1.265   -0.888    0.289       phi =   54.93
    2837      5345     -2767          1.231   -0.073    0.227       phi =   86.60
    1460      6937     -2042          1.011    0.220    0.323       phi =  102.25
    -340      4745      2985          0.723   -0.184    0.985       phi =   75.77
   -2507      3955      4025          0.377   -0.329    1.122       phi =   48.91
   -4175      2737      4590          0.110   -0.553    1.196       phi =   11.28
     190      1077      4485          0.808   -0.858    1.183       phi =   43.29
     562       -25     -5490          0.868   -1.061   -0.131       phi =   39.28
   -6237      -312     -4890         -0.219   -1.113   -0.052       phi =  168.86
   -1590     -1925     -3667          0.524   -1.410    0.109       phi =   20.37
    2415      -122      1055          1.164   -1.078    0.731       phi =   47.18
   -2207      1647      5137          0.425   -0.753    1.268       phi =   29.43
   -4865      2335      3622          0.000   -0.627    1.069       phi =  179.99
    1390      4602     -5962          1.000   -0.210   -0.194       phi =   78.15
   -1377      -565     -5427          0.558   -1.160   -0.123       phi =   25.67
   -7822       162     -4382         -0.473   -1.026    0.014       phi =  155.27
   -6427      5562     -7075         -0.250   -0.033   -0.340       phi =   97.59
     997      6265      -547          0.937    0.096    0.520       phi =   95.85
   -2420      5270        40          0.391   -0.087    0.597       phi =   77.46
   -3072      1965      5045          0.287   -0.695    1.256       phi =   22.42
   -3175       527      4905          0.270   -0.959    1.238       phi =   15.73
    1900      -682     -2192          1.082   -1.181    0.303       phi =   42.47
    1975      6007     -2110          1.094    0.049    0.314       phi =   92.54
    -682      5125      3390          0.669   -0.114    1.038       phi =   80.36
    3040      1792      1050          1.264   -0.726    0.730       phi =   60.11
    2465      5587     -3410          1.172   -0.029    0.143       phi =   88.60
   -1057      6245      2110          0.609    0.092    0.870       phi =   98.62
   -2377      5665      4175          0.398   -0.014    1.142       phi =   87.93
   -2012      5962      3967          0.456    0.040    1.114       phi =   95.05
   -2002      5932      3985          0.458    0.035    1.117       phi =   94.34
   -1985      5937      4000          0.460    0.036    1.119       phi =   94.43
   -1992      5962      3995          0.459    0.040    1.118       phi =   95.01
   -1980      5957      3985          0.461    0.039    1.117       phi =   94.88
   -1997      5917      3990          0.459    0.032    1.117       phi =   93.99
   -1985      5932      3990          0.460    0.035    1.117       phi =   94.32
   -1992      5937      3980          0.459    0.036    1.116       phi =   94.44
   -1975      5937      4010          0.462    0.036    1.120       phi =   94.41
